843
392 25
14 88
694 707
59 199
71 47
288 282
62 9
560 448
81 46
6 124
187 6
444 167
440 554
87 53
307 455
328 649
123 556
321 801
842 657
288 832
43 394
817 653
149 26
141 46
426 810
394 451
735 743
149 486
72 16
621 636
83 684
827 311
273 256
22 10
521 315
70 85
356 7
783 59
105 194
718 419
127 662
592 321
226 216
387 96
692 33
819 828
375 365
604 390
253 388
164 17
191 140
592 834
731 266
476 606
618 209
534 670
285 358
12 67
604 675
505 589
27 45
118 115
167 326
61 28
308 754
172 11
5 104
176 672
40 43
325 438
615 822
29 379
178 15
566 744
224 242
792 2
374 335
272 236
189 63
97 159
118 292
724 167
130 90
555 195
514 191
427 309
68 664
249 204
105 218
118 186
59 51
283 138
523 236
369 511
10 158
243 625
253 417
73 82
74 24
117 70
284 141
688 765
10 8
466 652
733 346
200 220
717 459
339 127
2 27
302 547
150 62
34 184
68 325
111 67
473 382
254 575
668 757
577 548
32 56
605 758
75 83
263 6
715 621
368 254
112 33
309 128
112 340
487 134
596 808
493 167
490 474
598 173
812 540
238 262
54 613
31 37
475 701
659 263
23 34
583 579
27 38
177 588
80 29
584 317
474 622
9 30
229 360
466 160
113 361
128 33
242 515
30 362
739 719
231 399
95 193
425 695
225 185
171 353
272 627
313 775
422 284
122 416
333 167
573 619
815 204
8 152
182 247
25 47
532 505
89 286
226 285
605 568
681 500
134 587
180 141
666 340
818 69
190 123
761 602
20 642
390 601
99 264
151 88
51 10
620 433
83 463
199 370
528 296
474 489
770 715
113 163
445 227
77 155
501 201
350 239
135 185
14 279
627 685
182 58
462 140
37 386
62 73
771 182
345 3
270 364
30 843
531 188
673 123
362 789
347 176
578 136
1 563
318 19
208 29
277 258
465 411
508 58
790 552
253 359
525 285
579 325
166 814
694 483
260 420
461 562
5 29
229 24
602 462
99 36
768 513
153 102
641 559
283 418
156 535
245 570
265 764
728 430
20 32
67 748
112 280
451 831
39 237
2 1
45 236
113 298
269 264
76 62
127 492
208 464
146 401
90 108
144 14
138 51
244 355
21 77
700 381
128 147
50 28
263 674
62 142
20 367
824 2
458 218
161 202
449 42
57 78
66 25
408 593
267 687
6 5
124 139
504 61
362 546
15 93
676 220
57 15
216 28
163 658
23 311
371 363
166 352
327 616
33 207
57 304
175 31
272 608
460 148
293 682
784 483
247 446
587 709
214 74
721 682
427 615
389 561
542 504
453 558
16 762
192 186
457 574
361 380
332 225
310 777
526 140
3 25
611 799
779 329
401 667
631 426
103 63
275 351
537 276
250 112
373 452
478 607
88 246
310 46
324 334
564 73
440 629
92 26
8 90
391 46
661 576
94 56
413 16
285 494
341 13
66 129
124 648
712 26
44 714
539 354
107 307
39 699
315 294
638 769
459 282
621 740
19 258
98 533
597 135
191 567
729 606
214 580
453 467
52 20
1 9
77 119
497 538
113 15
474 22
33 14
626 617
24 742
79 63
441 833
44 169
154 21
415 166
177 183
693 841
266 382
645 467
295 58
139 146
232 513
553 357
244 171
281 426
230 331
157 802
397 732
334 638
447 399
499 706
727 586
647 363
745 411
166 161
265 693
331 442
178 612
83 414
74 156
58 30
338 654
26 3
126 825
746 457
322 155
169 219
102 143
272 776
91 289
174 450
586 546
774 201
293 354
23 174
820 534
572 696
541 86
338 57
112 267
139 312
381 281
9 134
136 643
186 212
8 49
269 671
8 211
750 506
59 384
765 805
200 71
224 274
51 396
4 7
373 138
31 75
591 77
199 569
482 147
228 35
17 6
41 173
640 613
17 195
16 39
140 1
487 680
604 830
23 53
243 419
234 319
136 365
76 266
416 697
545 279
16 453
238 327
623 93
505 119
184 252
210 259
70 115
96 100
214 320
198 227
690 132
219 456
544 535
340 491
13 4
144 760
291 603
68 26
76 510
811 737
476 106
336 242
264 798
383 241
450 572
125 402
94 520
500 129
117 688
625 806
527 239
59 268
127 425
28 27
516 13
82 105
349 23
16 5
679 360
345 457
343 323
377 54
93 215
36 86
255 205
10 243
112 735
564 566
7 15
76 635
43 772
144 329
344 129
302 18
1 188
208 609
725 211
644 160
11 132
441 21
440 296
704 532
181 650
10 64
756 501
130 596
503 300
321 282
114 278
836 760
188 282
371 424
161 823
797 557
24 571
166 224
303 186
171 330
199 595
429 454
36 48
42 11
138 210
431 212
109 86
423 346
241 472
585 177
66 97
9 19
41 196
124 165
782 222
163 281
609 655
275 82
41 443
17 54
35 69
807 71
132 509
356 683
734 304
197 172
518 131
752 809
261 372
1 3
390 130
96 55
411 238
705 646
628 307
393 292
293 125
589 651
413 653
102 77
179 5
17 70
453 767
412 349
121 55
753 311
17 21
795 511
785 508
352 548
235 1
271 171
405 506
137 116
634 778
366 148
531 738
123 55
45 89
223 130
291 346
128 335
60 133
77 369
315 357
390 406
197 559
275 376
162 752
126 317
407 350
721 793
696 786
254 208
203 276
274 719
568 503
467 471
438 617
726 514
766 172
11 3
668 41
107 181
135 176
192 313
448 657
378 190
34 239
136 78
204 119
18 15
445 639
121 125
106 437
312 720
59 213
54 161
370 439
116 72
837 341
729 781
677 74
131 23
118 162
116 483
39 404
69 624
387 702
135 96
497 24
31 29
415 788
826 233
186 297
60 3
221 430
632 604
287 214
82 157
549 331
8 24
462 551
410 468
112 397
158 816
206 54
450 800
372 496
256 111
840 195
139 337
303 689
20 19
94 316
372 512
26 36
676 723
363 335
183 839
305 292
31 433
8 260
234 747
121 328
379 610
128 576
600 656
557 167
117 403
45 84
127 117
332 348
248 103
435 239
183 611
209 155
65 529
381 530
120 9
432 423
416 773
44 24
306 484
291 736
157 233
716 28
234 253
498 755
1 5
632 780
345 409
461 49
245 233
46 170
51 167
835 446
319 480
177 146
100 238
34 703
168 59
404 479
179 519
199 621
63 290
507 93
395 272
251 265
4 3
417 495
231 434
39 410
321 803
216 291
294 737
470 128
342 311
10 46
106 58
145 56
110 301
643 710
95 3
303 698
189 550
436 396
24 234
244 573
692 751
478 349
14 41
201 167
523 749
485 540
665 422
791 50
614 9
122 101
240 25
15 40
686 276
713 689
475 29
76 251
203 115
637 71
711 675
599 258
600 420
135 477
697 821
662 796
488 38
55 98
663 81
581 194
655 763
730 181
35 29
12 4
107 64
517 252
497 741
7 23
205 18
590 262
787 167
308 28
469 460
148 11
318 400
91 18
232 230
678 202
385 92
332 759
659 708
669 98
230 57
341 485
110 323
55 14
534 306
408 351
